{"producer":{"name":"Blender","version":"2.91.2","exporter_version":"2.80.1","file":"sc.babylon"},
"autoClear":true,"clearColor":[0.0509,0.0509,0.0509],"gravity":[0,-9.81,0],
"materials":[{"name":"Material.001","id":"Material.001","customType":"BABYLON.PBRMaterial","backFaceCulling":true,"checkReadyOnlyOnce":false,"maxSimultaneousLights":4,"environmentIntensity":1,"albedo":[0.6058,0.8,0],"reflectivity":[0.5,0.5,0.5],"roughness":0.2971,"alpha":1,"transparencyMode":0,"alphaCutOff":0.4,"metallic":0.1932},
{"name":"Material.002","id":"Material.002","customType":"BABYLON.PBRMaterial","backFaceCulling":true,"checkReadyOnlyOnce":false,"maxSimultaneousLights":4,"environmentIntensity":1,"albedo":[0.8,0.486,0],"reflectivity":[0.5,0.5,0.5],"roughness":0.2729,"alpha":1,"transparencyMode":0,"alphaCutOff":0.4,"metallic":0.5072},
{"name":"Material.004","id":"Material.004","customType":"BABYLON.PBRMaterial","backFaceCulling":true,"checkReadyOnlyOnce":false,"maxSimultaneousLights":4,"environmentIntensity":1,"albedo":[0,0.5972,1],"reflectivity":[0.5,0.5,0.5],"roughness":0.5,"alpha":1,"transparencyMode":0,"alphaCutOff":0.4,"metallic":0.1932},
{"name":"Material.003","id":"Material.003","customType":"BABYLON.PBRMaterial","backFaceCulling":true,"checkReadyOnlyOnce":false,"maxSimultaneousLights":4,"environmentIntensity":1,"albedo":[0,0.0029,0.4575],"reflectivity":[0.5,0.5,0.5],"roughness":0.2343,"alpha":1,"transparencyMode":0,"alphaCutOff":0.4,"metallic":0.2464},
{"name":"Material.006","id":"Material.006","customType":"BABYLON.PBRMaterial","backFaceCulling":true,"checkReadyOnlyOnce":false,"maxSimultaneousLights":4,"environmentIntensity":1,"albedo":[0.6058,0.8,0],"reflectivity":[0.5,0.5,0.5],"roughness":0.5,"alpha":1,"transparencyMode":0,"alphaCutOff":0.4,"metallic":0.1932},
{"name":"Material.005","id":"Material.005","customType":"BABYLON.PBRMaterial","backFaceCulling":true,"checkReadyOnlyOnce":false,"maxSimultaneousLights":4,"environmentIntensity":1,"albedo":[0.8,0.486,0],"reflectivity":[0.5,0.5,0.5],"roughness":0.5,"alpha":1,"transparencyMode":0,"alphaCutOff":0.4,"metallic":0},
{"name":"Material.008","id":"Material.008","customType":"BABYLON.PBRMaterial","backFaceCulling":true,"checkReadyOnlyOnce":false,"maxSimultaneousLights":4,"environmentIntensity":1,"albedo":[0.4417,0,0.8],"reflectivity":[0.5,0.5,0.5],"roughness":0.5,"alpha":1,"transparencyMode":0,"alphaCutOff":0.4,"metallic":0.1932},
{"name":"Material.007","id":"Material.007","customType":"BABYLON.PBRMaterial","backFaceCulling":true,"checkReadyOnlyOnce":false,"maxSimultaneousLights":4,"environmentIntensity":1,"albedo":[0,0.6099,0.8],"reflectivity":[0.5,0.5,0.5],"roughness":0.5,"alpha":1,"transparencyMode":0,"alphaCutOff":0.4,"metallic":0},
{"name":"Material.011","id":"Material.011","customType":"BABYLON.PBRMaterial","backFaceCulling":true,"checkReadyOnlyOnce":false,"maxSimultaneousLights":4,"environmentIntensity":1,"albedo":[0.8,0.8,0.8],"reflectivity":[0.5,0.5,0.5],"roughness":0.244,"alpha":1,"transparencyMode":0,"alphaCutOff":0.4,"metallic":0.3768},
{"name":"Material.010","id":"Material.010","customType":"BABYLON.PBRMaterial","backFaceCulling":true,"checkReadyOnlyOnce":false,"maxSimultaneousLights":4,"environmentIntensity":1,"albedo":[0.4824,0.8,0.2092],"reflectivity":[0.5,0.5,0.5],"roughness":0.3502,"alpha":1,"transparencyMode":0,"alphaCutOff":0.4,"metallic":0.3527},
{"name":"Material.012","id":"Material.012","customType":"BABYLON.PBRMaterial","backFaceCulling":true,"checkReadyOnlyOnce":false,"maxSimultaneousLights":4,"environmentIntensity":1,"albedo":[0.2883,0.0101,0.045],"reflectivity":[0.5,0.5,0.5],"roughness":0.3502,"alpha":1,"transparencyMode":0,"alphaCutOff":0.4,"metallic":0.7005},
{"name":"Material","id":"Material","customType":"BABYLON.PBRMaterial","backFaceCulling":true,"checkReadyOnlyOnce":false,"maxSimultaneousLights":4,"environmentIntensity":1,"albedo":[0.0072,0.0072,0.0072],"reflectivity":[0.5,0.5,0.5],"roughness":0.5,"alpha":1,"transparencyMode":0,"alphaCutOff":0.4,"metallic":0},
{"name":"Material.013","id":"Material.013","customType":"BABYLON.PBRMaterial","backFaceCulling":true,"checkReadyOnlyOnce":false,"maxSimultaneousLights":4,"environmentIntensity":1,"reflectivity":[1,1,1],"roughness":0,"alpha":1,"transparencyMode":0,"alphaCutOff":0.4},
{"name":"screwL_baked","id":"screwL_baked","customType":"BABYLON.PBRMaterial","backFaceCulling":true,"checkReadyOnlyOnce":false,"maxSimultaneousLights":4,"environmentIntensity":1,"roughness":0.2,"alpha":1,"transparencyMode":0,"alphaCutOff":0.4},
{"name":"screwR_baked","id":"screwR_baked","customType":"BABYLON.PBRMaterial","backFaceCulling":true,"checkReadyOnlyOnce":false,"maxSimultaneousLights":4,"environmentIntensity":1,"roughness":0.2,"alpha":1,"transparencyMode":0,"alphaCutOff":0.4},
{"name":"Material.019","id":"Material.019","customType":"BABYLON.PBRMaterial","backFaceCulling":true,"checkReadyOnlyOnce":false,"maxSimultaneousLights":4,"environmentIntensity":1,"albedo":[0.1679,0.1679,0.1679],"reflectivity":[0.5,0.5,0.5],"roughness":0.4,"alpha":1,"transparencyMode":0,"alphaCutOff":0.4,"metallic":0},
{"name":"Material.018","id":"Material.018","customType":"BABYLON.PBRMaterial","backFaceCulling":true,"checkReadyOnlyOnce":false,"maxSimultaneousLights":4,"environmentIntensity":1,"albedo":[0.42,0.2906,0.2007],"reflectivity":[0.5,0.5,0.5],"roughness":0.3647,"alpha":1,"transparencyMode":0,"alphaCutOff":0.4,"metallic":0.2947},
{"name":"Material.017","id":"Material.017","customType":"BABYLON.PBRMaterial","backFaceCulling":true,"checkReadyOnlyOnce":false,"maxSimultaneousLights":4,"environmentIntensity":1,"albedo":[0.4869,0.1852,0.0232],"reflectivity":[0.5,0.5,0.5],"roughness":0.5,"alpha":1,"transparencyMode":0,"alphaCutOff":0.4,"metallic":0},
{"name":"Material.016","id":"Material.016","customType":"BABYLON.PBRMaterial","backFaceCulling":true,"checkReadyOnlyOnce":false,"maxSimultaneousLights":4,"environmentIntensity":1,"albedo":[0.8,0.8,0.8],"reflectivity":[0.5,0.5,0.5],"roughness":0.5,"alpha":1,"transparencyMode":0,"alphaCutOff":0.4,"metallic":0},
{"name":"Material.015","id":"Material.015","customType":"BABYLON.PBRMaterial","backFaceCulling":true,"checkReadyOnlyOnce":false,"maxSimultaneousLights":4,"environmentIntensity":1,"albedo":[0.0064,0.0064,0.0064],"reflectivity":[0.5,0.5,0.5],"roughness":0.157,"alpha":1,"transparencyMode":0,"alphaCutOff":0.4,"metallic":0.8116},
{"name":"Material.014","id":"Material.014","customType":"BABYLON.PBRMaterial","backFaceCulling":true,"checkReadyOnlyOnce":false,"maxSimultaneousLights":4,"environmentIntensity":1,"albedo":[1,0,0],"reflectivity":[0.5,0.5,0.5],"roughness":0.5,"alpha":1,"transparencyMode":0,"alphaCutOff":0.4,"metallic":0},
{"name":"Material.024","id":"Material.024","customType":"BABYLON.PBRMaterial","backFaceCulling":true,"checkReadyOnlyOnce":false,"maxSimultaneousLights":4,"environmentIntensity":1,"albedo":[0.1679,0.1679,0.1679],"reflectivity":[0.5,0.5,0.5],"roughness":0.4,"alpha":1,"transparencyMode":0,"alphaCutOff":0.4,"metallic":0},
{"name":"Material.023","id":"Material.023","customType":"BABYLON.PBRMaterial","backFaceCulling":true,"checkReadyOnlyOnce":false,"maxSimultaneousLights":4,"environmentIntensity":1,"albedo":[0.42,0.2906,0.2007],"reflectivity":[0.5,0.5,0.5],"roughness":0.3647,"alpha":1,"transparencyMode":0,"alphaCutOff":0.4,"metallic":0.2947},
{"name":"Material.022","id":"Material.022","customType":"BABYLON.PBRMaterial","backFaceCulling":true,"checkReadyOnlyOnce":false,"maxSimultaneousLights":4,"environmentIntensity":1,"albedo":[0.4869,0.1852,0.0232],"reflectivity":[0.5,0.5,0.5],"roughness":0.5,"alpha":1,"transparencyMode":0,"alphaCutOff":0.4,"metallic":0},
{"name":"Material.021","id":"Material.021","customType":"BABYLON.PBRMaterial","backFaceCulling":true,"checkReadyOnlyOnce":false,"maxSimultaneousLights":4,"environmentIntensity":1,"albedo":[0.8,0.0655,0.0096],"reflectivity":[0.5,0.5,0.5],"roughness":0.5,"alpha":1,"transparencyMode":0,"alphaCutOff":0.4,"metallic":0},
{"name":"Material.020","id":"Material.020","customType":"BABYLON.PBRMaterial","backFaceCulling":true,"checkReadyOnlyOnce":false,"maxSimultaneousLights":4,"environmentIntensity":1,"albedo":[0.0064,0.0064,0.0064],"reflectivity":[0.5,0.5,0.5],"roughness":0.157,"alpha":1,"transparencyMode":0,"alphaCutOff":0.4,"metallic":0.8116},
{"name":"Material.029","id":"Material.029","customType":"BABYLON.PBRMaterial","backFaceCulling":true,"checkReadyOnlyOnce":false,"maxSimultaneousLights":4,"environmentIntensity":1,"albedo":[0.1679,0.1679,0.1679],"reflectivity":[0.5,0.5,0.5],"roughness":0.4,"alpha":1,"transparencyMode":0,"alphaCutOff":0.4,"metallic":0},
{"name":"Material.028","id":"Material.028","customType":"BABYLON.PBRMaterial","backFaceCulling":true,"checkReadyOnlyOnce":false,"maxSimultaneousLights":4,"environmentIntensity":1,"albedo":[0.42,0.2906,0.2007],"reflectivity":[0.5,0.5,0.5],"roughness":0.3647,"alpha":1,"transparencyMode":0,"alphaCutOff":0.4,"metallic":0.2947},
{"name":"Material.027","id":"Material.027","customType":"BABYLON.PBRMaterial","backFaceCulling":true,"checkReadyOnlyOnce":false,"maxSimultaneousLights":4,"environmentIntensity":1,"albedo":[0.4869,0.1852,0.0232],"reflectivity":[0.5,0.5,0.5],"roughness":0.5,"alpha":1,"transparencyMode":0,"alphaCutOff":0.4,"metallic":0},
{"name":"Material.026","id":"Material.026","customType":"BABYLON.PBRMaterial","backFaceCulling":true,"checkReadyOnlyOnce":false,"maxSimultaneousLights":4,"environmentIntensity":1,"albedo":[0.8,0.0655,0.0096],"reflectivity":[0.5,0.5,0.5],"roughness":0.5,"alpha":1,"transparencyMode":0,"alphaCutOff":0.4,"metallic":0},
{"name":"Material.025","id":"Material.025","customType":"BABYLON.PBRMaterial","backFaceCulling":true,"checkReadyOnlyOnce":false,"maxSimultaneousLights":4,"environmentIntensity":1,"albedo":[0.0064,0.0064,0.0064],"reflectivity":[0.5,0.5,0.5],"roughness":0.157,"alpha":1,"transparencyMode":0,"alphaCutOff":0.4,"metallic":0.8116},
{"name":"Material.030","id":"Material.030","customType":"BABYLON.PBRMaterial","backFaceCulling":true,"checkReadyOnlyOnce":false,"maxSimultaneousLights":4,"environmentIntensity":1,"albedo":[1,0.0039,0],"reflectivity":[0.5,0.5,0.5],"roughness":0.0973,"alpha":1,"transparencyMode":0,"alphaCutOff":0.4,"metallic":1}],
"multiMaterials":[{"name":"sc.Multimaterial#0","id":"sc.Multimaterial#0","materials":["Material.001","Material.002"]},{"name":"sc.Multimaterial#1","id":"sc.Multimaterial#1","materials":["Material.004","Material.003"]},{"name":"sc.Multimaterial#2","id":"sc.Multimaterial#2","materials":["Material.006","Material.005"]},{"name":"sc.Multimaterial#3","id":"sc.Multimaterial#3","materials":["Material.008","Material.007"]},{"name":"sc.Multimaterial#4","id":"sc.Multimaterial#4","materials":["Material.019","Material.018","Material.017","Material.016","Material.015","Material.014"]},{"name":"sc.Multimaterial#5","id":"sc.Multimaterial#5","materials":["Material.024","Material.023","Material.022","Material.021","Material.020"]},{"name":"sc.Multimaterial#6","id":"sc.Multimaterial#6","materials":["Material.029","Material.028","Material.027","Material.026","Material.025"]}],
"skeletons":[{"name":"Armature","id":0,"dimensionsAtRest":[0,0.8007,0.4002],"bones":[
{"name":"Bone","index":0,"matrix":[1,0,0,0,0,1,0.0047,0,0,0.0047,-1,0,0,-1.7028,0,1],"rest":[1,0,0,0,0,1,0,0,0,0,-1,0,0,-1.7028,0,1],"parentBoneIndex":-1,"length":0.2086
,"animation":{"dataType":3,"framePerSecond":24,"keys":[
{"frame":1,"values":[1,0,0,0,0,1,0.0047,0,0,0.0047,-1,0,0,-1.7028,0,1]},
{"frame":55,"values":[1,0,0,0,0,1,0.0047,0,0,0.0047,-1,0,0,-1.7028,0,1]}],"loopBehavior":1,"name":"anim","property":"_matrix"}},
{"name":"Bone.001","index":1,"matrix":[1,0,0,0,0,1,0,0,0,0,1,0,0,0.2086,0,1],"rest":[1,0,0,0,0,1,0,0,0,0,1,0,0,0.2086,0,1],"parentBoneIndex":0,"length":0.2433
,"animation":{"dataType":3,"framePerSecond":24,"keys":[
{"frame":1,"values":[1,0,0,0,0,1,0,0,0,0,1,0,0,0.2086,0,1]},
{"frame":55,"values":[1,0,0,0,0,1,0,0,0,0,1,0,0,0.2086,0,1]}],"loopBehavior":1,"name":"anim","property":"_matrix"}},
{"name":"Bone.002","index":2,"matrix":[0.8937,0.4486,0.0021,0,0.4486,-0.8937,-0.0136,0,-0.0042,0.0131,-0.9991,0,0,0.1807,-0.1981,1],"rest":[1,0,0,0,0,-0.9999,-0.0141,0,0,0.0141,-0.9999,0,0,0.1807,-0.1981,1],"parentBoneIndex":0,"length":0.1265
,"animation":{"dataType":3,"framePerSecond":24,"keys":[
{"frame":1,"values":[0.8298,0.558,0.0026,0,0.558,-0.8297,-0.0133,0,-0.0052,0.0125,-0.9991,0,0,0.1807,-0.1981,1]},
{"frame":11,"values":[0.8279,0.5609,0.0026,0,0.5609,-0.8278,-0.0133,0,-0.0053,0.0125,-0.9991,0,0,0.1807,-0.1981,1]},
{"frame":12,"values":[0.8222,0.5693,0.0027,0,0.5692,-0.8221,-0.0133,0,-0.0053,0.0124,-0.9991,0,0,0.1807,-0.1981,1]},
{"frame":13,"values":[0.8127,0.5826,0.0028,0,0.5826,-0.8127,-0.0132,0,-0.0055,0.0123,-0.9991,0,0,0.1807,-0.1981,1]},
{"frame":14,"values":[0.7996,0.6005,0.0028,0,0.6005,-0.7995,-0.0132,0,-0.0056,0.0122,-0.9991,0,0,0.1807,-0.1981,1]},
{"frame":15,"values":[0.7827,0.6224,0.0029,0,0.6223,-0.7826,-0.0131,0,-0.0058,0.0121,-0.9991,0,0,0.1807,-0.1981,1]},
{"frame":16,"values":[0.762,0.6476,0.0031,0,0.6476,-0.7619,-0.013,0,-0.0061,0.0119,-0.9991,0,0,0.1807,-0.1981,1]},
{"frame":17,"values":[0.7372,0.6756,0.0032,0,0.6756,-0.7372,-0.0129,0,-0.0063,0.0116,-0.9991,0,0,0.1807,-0.1981,1]},
{"frame":18,"values":[0.7085,0.7057,0.0033,0,0.7057,-0.7084,-0.0127,0,-0.0066,0.0114,-0.9991,0,0,0.1807,-0.1981,1]},
{"frame":19,"values":[0.6757,0.7372,0.0035,0,0.7371,-0.6756,-0.0126,0,-0.0069,0.0111,-0.9991,0,0,0.1807,-0.1981,1]},
{"frame":20,"values":[0.639,0.7692,0.0036,0,0.7692,-0.6389,-0.0124,0,-0.0072,0.0107,-0.9991,0,0,0.1807,-0.1981,1]},
{"frame":21,"values":[0.5984,0.8012,0.0038,0,0.8012,-0.5983,-0.0122,0,-0.0075,0.0103,-0.9991,0,0,0.1807,-0.1981,1]},
{"frame":22,"values":[0.5543,0.8323,0.0039,0,0.8323,-0.5542,-0.012,0,-0.0078,0.0099,-0.9991,0,0,0.1807,-0.1981,1]},
{"frame":23,"values":[0.507,0.8619,0.0041,0,0.8619,-0.5069,-0.0118,0,-0.0081,0.0095,-0.9991,0,0,0.1807,-0.1981,1]},
{"frame":24,"values":[0.4571,0.8894,0.0042,0,0.8894,-0.457,-0.0115,0,-0.0084,0.009,-0.9991,0,0,0.1807,-0.1981,1]},
{"frame":25,"values":[0.4052,0.9142,0.0043,0,0.9142,-0.4051,-0.0113,0,-0.0086,0.0085,-0.9991,0,0,0.1807,-0.1981,1]},
{"frame":26,"values":[0.3519,0.936,0.0044,0,0.936,-0.3518,-0.011,0,-0.0088,0.008,-0.9991,0,0,0.1807,-0.1981,1]},
{"frame":27,"values":[0.298,0.9546,0.0045,0,0.9545,-0.2979,-0.0108,0,-0.009,0.0075,-0.9991,0,0,0.1807,-0.1981,1]},
{"frame":28,"values":[0.2443,0.9697,0.0046,0,0.9697,-0.2443,-0.0105,0,-0.0091,0.007,-0.9991,0,0,0.1807,-0.1981,1]},
{"frame":29,"values":[0.1916,0.9815,0.0046,0,0.9814,-0.1916,-0.0103,0,-0.0092,0.0065,-0.9991,0,0,0.1807,-0.1981,1]},
{"frame":30,"values":[0.1407,0.99,0.0047,0,0.99,-0.1407,-0.01,0,-0.0093,0.006,-0.9991,0,0,0.1807,-0.1981,1]},
{"frame":31,"values":[0.0923,0.9957,0.0047,0,0.9957,-0.0922,-0.0098,0,-0.0094,0.0056,-0.9991,0,0,0.1807,-0.1981,1]},
{"frame":32,"values":[0.0469,0.9989,0.0047,0,0.9989,-0.0469,-0.0096,0,-0.0094,0.0052,-0.9991,0,0,0.1807,-0.1981,1]},
{"frame":33,"values":[0.0053,1,0.0047,0,0.9999,-0.0053,-0.0094,0,-0.0094,0.0048,-0.9991,0,0,0.1807,-0.1981,1]},
{"frame":34,"values":[-0.032,0.9995,0.0047,0,0.9994,0.0321,-0.0092,0,-0.0094,0.0044,-0.9991,0,0,0.1807,-0.1981,1]},
{"frame":35,"values":[-0.0647,0.9979,0.0047,0,0.9979,0.0647,-0.0091,0,-0.0094,0.0041,-0.9991,0,0,0.1807,-0.1981,1]},
{"frame":36,"values":[-0.0922,0.9957,0.0047,0,0.9957,0.0922,-0.0089,0,-0.0094,0.0038,-0.9991,0,0,0.1807,-0.1981,1]},
{"frame":37,"values":[-0.1143,0.9934,0.0047,0,0.9934,0.1143,-0.0088,0,-0.0093,0.0036,-0.9991,0,0,0.1807,-0.1981,1]},
{"frame":38,"values":[-0.1305,0.9914,0.0047,0,0.9914,0.1305,-0.0088,0,-0.0093,0.0035,-0.9991,0,0,0.1807,-0.1981,1]},
{"frame":39,"values":[-0.1405,0.9901,0.0047,0,0.99,0.1406,-0.0087,0,-0.0093,0.0034,-0.9991,0,0,0.1807,-0.1981,1]},
{"frame":40,"values":[-0.144,0.9896,0.0047,0,0.9895,0.144,-0.0087,0,-0.0093,0.0034,-0.9991,0,0,0.1807,-0.1981,1]},
{"frame":41,"values":[-0.1292,0.9916,0.0047,0,0.9916,0.1292,-0.0088,0,-0.0093,0.0035,-0.9991,0,0,0.1807,-0.1981,1]},
{"frame":42,"values":[-0.087,0.9962,0.0047,0,0.9962,0.087,-0.009,0,-0.0094,0.0039,-0.9991,0,0,0.1807,-0.1981,1]},
{"frame":43,"values":[-0.0205,0.9998,0.0047,0,0.9997,0.0205,-0.0093,0,-0.0094,0.0045,-0.9991,0,0,0.1807,-0.1981,1]},
{"frame":44,"values":[0.067,0.9977,0.0047,0,0.9977,-0.067,-0.0097,0,-0.0094,0.0053,-0.9991,0,0,0.1807,-0.1981,1]},
{"frame":45,"values":[0.1711,0.9852,0.0047,0,0.9852,-0.171,-0.0102,0,-0.0093,0.0063,-0.9991,0,0,0.1807,-0.1981,1]},
{"frame":46,"values":[0.2858,0.9583,0.0045,0,0.9582,-0.2858,-0.0107,0,-0.009,0.0074,-0.9991,0,0,0.1807,-0.1981,1]},
{"frame":47,"values":[0.4042,0.9147,0.0043,0,0.9146,-0.4041,-0.0113,0,-0.0086,0.0085,-0.9991,0,0,0.1807,-0.1981,1]},
{"frame":48,"values":[0.5185,0.8551,0.004,0,0.855,-0.5184,-0.0118,0,-0.008,0.0096,-0.9991,0,0,0.1807,-0.1981,1]},
{"frame":49,"values":[0.622,0.783,0.0037,0,0.783,-0.6219,-0.0123,0,-0.0074,0.0106,-0.9991,0,0,0.1807,-0.1981,1]},
{"frame":50,"values":[0.7098,0.7044,0.0033,0,0.7043,-0.7097,-0.0127,0,-0.0066,0.0114,-0.9991,0,0,0.1807,-0.1981,1]},
{"frame":51,"values":[0.7796,0.6262,0.003,0,0.6262,-0.7796,-0.0131,0,-0.0059,0.012,-0.9991,0,0,0.1807,-0.1981,1]},
{"frame":52,"values":[0.8314,0.5557,0.0026,0,0.5556,-0.8313,-0.0133,0,-0.0052,0.0125,-0.9991,0,0,0.1807,-0.1981,1]},
{"frame":53,"values":[0.8665,0.4991,0.0024,0,0.4991,-0.8665,-0.0135,0,-0.0047,0.0129,-0.9991,0,0,0.1807,-0.1981,1]},
{"frame":54,"values":[0.8869,0.4619,0.0022,0,0.4619,-0.8868,-0.0136,0,-0.0043,0.013,-0.9991,0,0,0.1807,-0.1981,1]},
{"frame":55,"values":[0.8937,0.4486,0.0021,0,0.4486,-0.8937,-0.0136,0,-0.0042,0.0131,-0.9991,0,0,0.1807,-0.1981,1]}],"loopBehavior":1,"name":"anim","property":"_matrix"}},
{"name":"Bone.003","index":3,"matrix":[0.9522,-0.3055,0.0029,0,0.3055,0.9521,-0.0137,0,0.0014,0.0139,0.9999,0,0,0.1265,0,1],"rest":[1,0,0,0,0,0.9999,-0.0141,0,0,0.0141,0.9999,0,0,0.1265,0,1],"parentBoneIndex":2,"length":0.1214
,"animation":{"dataType":3,"framePerSecond":24,"keys":[
{"frame":1,"values":[0.9902,-0.1398,0.0013,0,0.1398,0.9901,-0.014,0,0.0007,0.0141,0.9999,0,0,0.1265,0,1]},
{"frame":11,"values":[0.9898,-0.1423,0.0013,0,0.1423,0.9897,-0.014,0,0.0007,0.0141,0.9999,0,0,0.1265,0,1]},
{"frame":12,"values":[0.9887,-0.1496,0.0014,0,0.1496,0.9886,-0.014,0,0.0007,0.0141,0.9999,0,0,0.1265,0,1]},
{"frame":13,"values":[0.9869,-0.1614,0.0015,0,0.1614,0.9868,-0.014,0,0.0008,0.0141,0.9999,0,0,0.1265,0,1]},
{"frame":14,"values":[0.9842,-0.1773,0.0017,0,0.1773,0.9841,-0.014,0,0.0008,0.014,0.9999,0,0,0.1265,0,1]},
{"frame":15,"values":[0.9804,-0.197,0.0019,0,0.197,0.9803,-0.0139,0,0.0009,0.014,0.9999,0,0,0.1265,0,1]},
{"frame":16,"values":[0.9755,-0.2201,0.0021,0,0.2201,0.9754,-0.0139,0,0.001,0.014,0.9999,0,0,0.1265,0,1]},
{"frame":17,"values":[0.9692,-0.2462,0.0023,0,0.2462,0.9691,-0.0138,0,0.0012,0.014,0.9999,0,0,0.1265,0,1]},
{"frame":18,"values":[0.9614,-0.275,0.0026,0,0.275,0.9613,-0.0138,0,0.0013,0.0139,0.9999,0,0,0.1265,0,1]},
{"frame":19,"values":[0.952,-0.3061,0.0029,0,0.3061,0.9519,-0.0137,0,0.0014,0.0139,0.9999,0,0,0.1265,0,1]},
{"frame":20,"values":[0.9408,-0.3389,0.0032,0,0.3389,0.9407,-0.0136,0,0.0016,0.0138,0.9999,0,0,0.1265,0,1]},
{"frame":21,"values":[0.9278,-0.3731,0.0035,0,0.3731,0.9277,-0.0134,0,0.0018,0.0138,0.9999,0,0,0.1265,0,1]},
{"frame":22,"values":[0.9129,-0.4083,0.0038,0,0.4083,0.9128,-0.0133,0,0.0019,0.0137,0.9999,0,0,0.1265,0,1]},
{"frame":23,"values":[0.8961,-0.4438,0.0042,0,0.4438,0.896,-0.0131,0,0.0021,0.0136,0.9999,0,0,0.1265,0,1]},
{"frame":24,"values":[0.8776,-0.4794,0.0045,0,0.4794,0.8775,-0.013,0,0.0023,0.0135,0.9999,0,0,0.1265,0,1]},
{"frame":25,"values":[0.8574,-0.5145,0.0048,0,0.5146,0.8574,-0.0128,0,0.0024,0.0134,0.9999,0,0,0.1265,0,1]},
{"frame":26,"values":[0.8359,-0.5488,0.0052,0,0.5489,0.8358,-0.0126,0,0.0026,0.0133,0.9999,0,0,0.1265,0,1]},
{"frame":27,"values":[0.8132,-0.5819,0.0055,0,0.5819,0.8131,-0.0124,0,0.0028,0.0132,0.9999,0,0,0.1265,0,1]},
{"frame":28,"values":[0.7897,-0.6134,0.0058,0,0.6135,0.7896,-0.0121,0,0.0029,0.0131,0.9999,0,0,0.1265,0,1]},
{"frame":29,"values":[0.7657,-0.6431,0.006,0,0.6432,0.7656,-0.0119,0,0.003,0.013,0.9999,0,0,0.1265,0,1]},
{"frame":30,"values":[0.7417,-0.6707,0.0063,0,0.6708,0.7416,-0.0117,0,0.0032,0.0129,0.9999,0,0,0.1265,0,1]},
{"frame":31,"values":[0.718,-0.6961,0.0065,0,0.6961,0.7179,-0.0115,0,0.0033,0.0128,0.9999,0,0,0.1265,0,1]},
{"frame":32,"values":[0.695,-0.719,0.0068,0,0.719,0.6949,-0.0113,0,0.0034,0.0127,0.9999,0,0,0.1265,0,1]},
{"frame":33,"values":[0.6732,-0.7394,0.0069,0,0.7394,0.6732,-0.011,0,0.0035,0.0126,0.9999,0,0,0.1265,0,1]},
{"frame":34,"values":[0.6531,-0.7572,0.0071,0,0.7573,0.653,-0.0109,0,0.0036,0.0125,0.9999,0,0,0.1265,0,1]},
{"frame":35,"values":[0.635,-0.7724,0.0073,0,0.7725,0.635,-0.0107,0,0.0037,0.0124,0.9999,0,0,0.1265,0,1]},
{"frame":36,"values":[0.6194,-0.785,0.0074,0,0.785,0.6194,-0.0105,0,0.0037,0.0123,0.9999,0,0,0.1265,0,1]},
{"frame":37,"values":[0.6067,-0.7949,0.0075,0,0.7949,0.6066,-0.0104,0,0.0038,0.0123,0.9999,0,0,0.1265,0,1]},
{"frame":38,"values":[0.5972,-0.8021,0.0075,0,0.8021,0.5971,-0.0103,0,0.0038,0.0122,0.9999,0,0,0.1265,0,1]},
{"frame":39,"values":[0.5912,-0.8065,0.0076,0,0.8065,0.5911,-0.0103,0,0.0038,0.0122,0.9999,0,0,0.1265,0,1]},
{"frame":40,"values":[0.5892,-0.808,0.0076,0,0.808,0.5891,-0.0103,0,0.0038,0.0122,0.9999,0,0,0.1265,0,1]},
{"frame":41,"values":[0.5955,-0.8033,0.0075,0,0.8033,0.5954,-0.0103,0,0.0038,0.0122,0.9999,0,0,0.1265,0,1]},
{"frame":42,"values":[0.6133,-0.7898,0.0074,0,0.7899,0.6132,-0.0105,0,0.0037,0.0123,0.9999,0,0,0.1265,0,1]},
{"frame":43,"values":[0.6402,-0.7682,0.0072,0,0.7682,0.6401,-0.0107,0,0.0036,0.0124,0.9999,0,0,0.1265,0,1]},
{"frame":44,"values":[0.674,-0.7387,0.0069,0,0.7387,0.6739,-0.0111,0,0.0035,0.0126,0.9999,0,0,0.1265,0,1]},
{"frame":45,"values":[0.7121,-0.7021,0.0066,0,0.7021,0.712,-0.0114,0,0.0033,0.0128,0.9999,0,0,0.1265,0,1]},
{"frame":46,"values":[0.7521,-0.6591,0.0062,0,0.6591,0.752,-0.0118,0,0.0031,0.0129,0.9999,0,0,0.1265,0,1]},
{"frame":47,"values":[0.7916,-0.611,0.0057,0,0.611,0.7915,-0.0122,0,0.0029,0.0131,0.9999,0,0,0.1265,0,1]},
{"frame":48,"values":[0.8288,-0.5596,0.0053,0,0.5596,0.8287,-0.0125,0,0.0026,0.0133,0.9999,0,0,0.1265,0,1]},
{"frame":49,"values":[0.862,-0.5069,0.0048,0,0.5069,0.8619,-0.0128,0,0.0024,0.0135,0.9999,0,0,0.1265,0,1]},
{"frame":50,"values":[0.8902,-0.4555,0.0043,0,0.4555,0.8902,-0.0131,0,0.0022,0.0136,0.9999,0,0,0.1265,0,1]},
{"frame":51,"values":[0.9131,-0.4078,0.0038,0,0.4078,0.913,-0.0133,0,0.0019,0.0137,0.9999,0,0,0.1265,0,1]},
{"frame":52,"values":[0.9304,-0.3665,0.0034,0,0.3665,0.9303,-0.0135,0,0.0017,0.0138,0.9999,0,0,0.1265,0,1]},
{"frame":53,"values":[0.9425,-0.3341,0.0031,0,0.3341,0.9424,-0.0136,0,0.0016,0.0138,0.9999,0,0,0.1265,0,1]},
{"frame":54,"values":[0.9497,-0.313,0.0029,0,0.313,0.9497,-0.0136,0,0.0015,0.0139,0.9999,0,0,0.1265,0,1]},
{"frame":55,"values":[0.9522,-0.3055,0.0029,0,0.3055,0.9521,-0.0137,0,0.0014,0.0139,0.9999,0,0,0.1265,0,1]}],"loopBehavior":1,"name":"anim","property":"_matrix"}},
{"name":"Bone.006","index":4,"matrix":[0.942,0.3355,0.0016,0,0.3354,-0.942,0.0144,0,0.0063,-0.013,-0.9991,0,0,0.1807,0.1985,1],"rest":[1,0,0,0,0,-0.9999,0.0141,0,0,-0.0141,-0.9999,0,0,0.1807,0.1985,1],"parentBoneIndex":0,"length":0.1265
,"animation":{"dataType":3,"framePerSecond":24,"keys":[
{"frame":1,"values":[-0.1972,0.9804,0.0046,0,0.9802,0.197,0.0198,0,0.0185,0.0084,-0.999,0,0,0.1807,0.1985,1]},
{"frame":2,"values":[-0.19,0.9818,0.0046,0,0.9816,0.1899,0.0197,0,0.0185,0.0083,-0.999,0,0,0.1807,0.1985,1]},
{"frame":3,"values":[-0.1695,0.9855,0.0046,0,0.9854,0.1694,0.0196,0,0.0186,0.0079,-0.999,0,0,0.1807,0.1985,1]},
{"frame":4,"values":[-0.1367,0.9906,0.0047,0,0.9904,0.1366,0.0195,0,0.0187,0.0073,-0.999,0,0,0.1807,0.1985,1]},
{"frame":5,"values":[-0.0927,0.9957,0.0047,0,0.9955,0.0926,0.0193,0,0.0188,0.0065,-0.999,0,0,0.1807,0.1985,1]},
{"frame":6,"values":[-0.0388,0.9992,0.0047,0,0.9991,0.0387,0.019,0,0.0188,0.0054,-0.999,0,0,0.1807,0.1985,1]},
{"frame":7,"values":[0.0236,0.9997,0.0047,0,0.9995,-0.0237,0.0187,0,0.0188,0.0043,-0.999,0,0,0.1807,0.1985,1]},
{"frame":8,"values":[0.093,0.9957,0.0047,0,0.9955,-0.0931,0.0184,0,0.0188,0.003,-0.999,0,0,0.1807,0.1985,1]},
{"frame":9,"values":[0.1674,0.9859,0.0046,0,0.9857,-0.1675,0.018,0,0.0186,0.0016,-0.999,0,0,0.1807,0.1985,1]},
{"frame":10,"values":[0.2447,0.9696,0.0046,0,0.9694,-0.2447,0.0177,0,0.0183,0.0001,-0.999,0,0,0.1807,0.1985,1]},
{"frame":11,"values":[0.3226,0.9465,0.0044,0,0.9464,-0.3226,0.0173,0,0.0178,-0.0014,-0.999,0,0,0.1807,0.1985,1]},
{"frame":12,"values":[0.3988,0.917,0.0043,0,0.9169,-0.3988,0.0169,0,0.0173,-0.0028,-0.999,0,0,0.1807,0.1985,1]},
{"frame":13,"values":[0.4714,0.8819,0.0041,0,0.8818,-0.4714,0.0166,0,0.0166,-0.0042,-0.999,0,0,0.1807,0.1985,1]},
{"frame":14,"values":[0.5386,0.8425,0.004,0,0.8424,-0.5386,0.0163,0,0.0159,-0.0054,-0.9991,0,0,0.1807,0.1985,1]},
{"frame":15,"values":[0.5992,0.8006,0.0038,0,0.8005,-0.5992,0.016,0,0.0151,-0.0066,-0.9991,0,0,0.1807,0.1985,1]},
{"frame":16,"values":[0.6522,0.758,0.0036,0,0.7579,-0.6522,0.0158,0,0.0143,-0.0076,-0.9991,0,0,0.1807,0.1985,1]},
{"frame":17,"values":[0.6972,0.7168,0.0034,0,0.7167,-0.6972,0.0155,0,0.0135,-0.0084,-0.9991,0,0,0.1807,0.1985,1]},
{"frame":18,"values":[0.7342,0.6789,0.0032,0,0.6788,-0.7341,0.0154,0,0.0128,-0.0091,-0.9991,0,0,0.1807,0.1985,1]},
{"frame":19,"values":[0.7632,0.6462,0.003,0,0.6461,-0.7631,0.0152,0,0.0122,-0.0097,-0.9991,0,0,0.1807,0.1985,1]},
{"frame":20,"values":[0.7844,0.6203,0.0029,0,0.6202,-0.7843,0.0151,0,0.0117,-0.0101,-0.9991,0,0,0.1807,0.1985,1]},
{"frame":21,"values":[0.8009,0.5988,0.0028,0,0.5987,-0.8008,0.0151,0,0.0113,-0.0104,-0.9991,0,0,0.1807,0.1985,1]},
{"frame":22,"values":[0.816,0.5781,0.0027,0,0.578,-0.8159,0.015,0,0.0109,-0.0107,-0.9991,0,0,0.1807,0.1985,1]},
{"frame":23,"values":[0.8297,0.5582,0.0026,0,0.5581,-0.8296,0.0149,0,0.0105,-0.0109,-0.9991,0,0,0.1807,0.1985,1]},
{"frame":24,"values":[0.8422,0.5392,0.0025,0,0.5391,-0.8421,0.0149,0,0.0101,-0.0112,-0.9991,0,0,0.1807,0.1985,1]},
{"frame":25,"values":[0.8535,0.5211,0.0024,0,0.521,-0.8534,0.0148,0,0.0098,-0.0114,-0.9991,0,0,0.1807,0.1985,1]},
{"frame":26,"values":[0.8637,0.504,0.0024,0,0.5039,-0.8636,0.0148,0,0.0095,-0.0116,-0.9991,0,0,0.1807,0.1985,1]},
{"frame":27,"values":[0.873,0.4878,0.0023,0,0.4877,-0.8729,0.0147,0,0.0092,-0.0117,-0.9991,0,0,0.1807,0.1985,1]},
{"frame":28,"values":[0.8813,0.4726,0.0022,0,0.4725,-0.8812,0.0147,0,0.0089,-0.0119,-0.9991,0,0,0.1807,0.1985,1]},
{"frame":29,"values":[0.8888,0.4583,0.0021,0,0.4583,-0.8887,0.0146,0,0.0086,-0.012,-0.9991,0,0,0.1807,0.1985,1]},
{"frame":30,"values":[0.8955,0.445,0.0021,0,0.445,-0.8954,0.0146,0,0.0084,-0.0122,-0.9991,0,0,0.1807,0.1985,1]},
{"frame":31,"values":[0.9016,0.4327,0.002,0,0.4326,-0.9015,0.0146,0,0.0081,-0.0123,-0.9991,0,0,0.1807,0.1985,1]},
{"frame":32,"values":[0.907,0.4212,0.002,0,0.4212,-0.9069,0.0146,0,0.0079,-0.0124,-0.9991,0,0,0.1807,0.1985,1]},
{"frame":33,"values":[0.9118,0.4107,0.0019,0,0.4106,-0.9117,0.0145,0,0.0077,-0.0125,-0.9991,0,0,0.1807,0.1985,1]},
{"frame":34,"values":[0.9161,0.401,0.0019,0,0.4009,-0.916,0.0145,0,0.0075,-0.0125,-0.9991,0,0,0.1807,0.1985,1]},
{"frame":35,"values":[0.9199,0.3922,0.0018,0,0.3921,-0.9198,0.0145,0,0.0074,-0.0126,-0.9991,0,0,0.1807,0.1985,1]},
{"frame":36,"values":[0.9233,0.3842,0.0018,0,0.3841,-0.9232,0.0145,0,0.0072,-0.0127,-0.9991,0,0,0.1807,0.1985,1]},
{"frame":37,"values":[0.9262,0.3769,0.0018,0,0.3769,-0.9262,0.0145,0,0.0071,-0.0127,-0.9991,0,0,0.1807,0.1985,1]},
{"frame":38,"values":[0.9289,0.3704,0.0017,0,0.3704,-0.9288,0.0145,0,0.007,-0.0128,-0.9991,0,0,0.1807,0.1985,1]},
{"frame":39,"values":[0.9311,0.3647,0.0017,0,0.3646,-0.9311,0.0144,0,0.0069,-0.0128,-0.9991,0,0,0.1807,0.1985,1]},
{"frame":40,"values":[0.9331,0.3595,0.0017,0,0.3595,-0.933,0.0144,0,0.0068,-0.0129,-0.9991,0,0,0.1807,0.1985,1]},
{"frame":41,"values":[0.9348,0.3551,0.0017,0,0.355,-0.9348,0.0144,0,0.0067,-0.0129,-0.9991,0,0,0.1807,0.1985,1]},
{"frame":42,"values":[0.9363,0.3512,0.0016,0,0.3511,-0.9362,0.0144,0,0.0066,-0.0129,-0.9991,0,0,0.1807,0.1985,1]},
{"frame":43,"values":[0.9376,0.3478,0.0016,0,0.3478,-0.9375,0.0144,0,0.0065,-0.013,-0.9991,0,0,0.1807,0.1985,1]},
{"frame":44,"values":[0.9386,0.345,0.0016,0,0.3449,-0.9385,0.0144,0,0.0065,-0.013,-0.9991,0,0,0.1807,0.1985,1]},
{"frame":45,"values":[0.9395,0.3426,0.0016,0,0.3426,-0.9394,0.0144,0,0.0064,-0.013,-0.9991,0,0,0.1807,0.1985,1]},
{"frame":46,"values":[0.9402,0.3407,0.0016,0,0.3406,-0.9401,0.0144,0,0.0064,-0.013,-0.9991,0,0,0.1807,0.1985,1]},
{"frame":47,"values":[0.9407,0.3391,0.0016,0,0.3391,-0.9406,0.0144,0,0.0064,-0.013,-0.9991,0,0,0.1807,0.1985,1]},
{"frame":48,"values":[0.9412,0.3379,0.0016,0,0.3379,-0.9411,0.0144,0,0.0064,-0.013,-0.9991,0,0,0.1807,0.1985,1]},
{"frame":49,"values":[0.9415,0.337,0.0016,0,0.337,-0.9414,0.0144,0,0.0063,-0.013,-0.9991,0,0,0.1807,0.1985,1]},
{"frame":50,"values":[0.9417,0.3364,0.0016,0,0.3363,-0.9416,0.0144,0,0.0063,-0.013,-0.9991,0,0,0.1807,0.1985,1]},
{"frame":51,"values":[0.9419,0.3359,0.0016,0,0.3359,-0.9418,0.0144,0,0.0063,-0.013,-0.9991,0,0,0.1807,0.1985,1]},
{"frame":52,"values":[0.942,0.3357,0.0016,0,0.3356,-0.9419,0.0144,0,0.0063,-0.013,-0.9991,0,0,0.1807,0.1985,1]},
{"frame":53,"values":[0.942,0.3355,0.0016,0,0.3355,-0.9419,0.0144,0,0.0063,-0.013,-0.9991,0,0,0.1807,0.1985,1]},
{"frame":54,"values":[0.942,0.3355,0.0016,0,0.3354,-0.942,0.0144,0,0.0063,-0.013,-0.9991,0,0,0.1807,0.1985,1]},
{"frame":55,"values":[0.942,0.3355,0.0016,0,0.3354,-0.942,0.0144,0,0.0063,-0.013,-0.9991,0,0,0.1807,0.1985,1]}],"loopBehavior":1,"name":"anim","property":"_matrix"}},
{"name":"Bone.007","index":5,"matrix":[0.9816,-0.1908,-0.0036,0,0.1908,0.9815,0.0138,0,0.0009,-0.0142,0.9999,0,0,0.1265,0,1],"rest":[1,0,0,0,0,0.9999,0.0141,0,0,-0.0141,0.9999,0,0,0.1265,0,1],"parentBoneIndex":4,"length":0.1214
,"animation":{"dataType":3,"framePerSecond":24,"keys":[
{"frame":1,"values":[0.9656,-0.2601,-0.0049,0,0.2602,0.9655,0.0135,0,0.0012,-0.0143,0.9999,0,0,0.1265,0,1]},
{"frame":2,"values":[0.9656,-0.2601,-0.0049,0,0.2601,0.9655,0.0135,0,0.0012,-0.0143,0.9999,0,0,0.1265,0,1]},
{"frame":3,"values":[0.9656,-0.2599,-0.0049,0,0.2599,0.9655,0.0135,0,0.0012,-0.0143,0.9999,0,0,0.1265,0,1]},
{"frame":4,"values":[0.9657,-0.2595,-0.0049,0,0.2596,0.9656,0.0135,0,0.0012,-0.0143,0.9999,0,0,0.1265,0,1]},
{"frame":5,"values":[0.9659,-0.2591,-0.0049,0,0.2591,0.9658,0.0135,0,0.0012,-0.0143,0.9999,0,0,0.1265,0,1]},
{"frame":6,"values":[0.966,-0.2585,-0.0049,0,0.2585,0.9659,0.0135,0,0.0012,-0.0143,0.9999,0,0,0.1265,0,1]},
{"frame":7,"values":[0.9662,-0.2578,-0.0049,0,0.2578,0.9661,0.0135,0,0.0012,-0.0143,0.9999,0,0,0.1265,0,1]},
{"frame":8,"values":[0.9664,-0.257,-0.0048,0,0.257,0.9663,0.0135,0,0.0012,-0.0143,0.9999,0,0,0.1265,0,1]},
{"frame":9,"values":[0.9667,-0.2561,-0.0048,0,0.2561,0.9666,0.0135,0,0.0012,-0.0143,0.9999,0,0,0.1265,0,1]},
{"frame":10,"values":[0.9669,-0.255,-0.0048,0,0.2551,0.9668,0.0135,0,0.0012,-0.0143,0.9999,0,0,0.1265,0,1]},
{"frame":11,"values":[0.9672,-0.2539,-0.0048,0,0.254,0.9671,0.0135,0,0.0012,-0.0143,0.9999,0,0,0.1265,0,1]},
{"frame":12,"values":[0.9675,-0.2527,-0.0048,0,0.2528,0.9674,0.0135,0,0.0012,-0.0143,0.9999,0,0,0.1265,0,1]},
{"frame":13,"values":[0.9679,-0.2514,-0.0047,0,0.2515,0.9678,0.0135,0,0.0012,-0.0143,0.9999,0,0,0.1265,0,1]},
{"frame":14,"values":[0.9682,-0.2501,-0.0047,0,0.2501,0.9681,0.0135,0,0.0012,-0.0143,0.9999,0,0,0.1265,0,1]},
{"frame":15,"values":[0.9686,-0.2487,-0.0047,0,0.2487,0.9685,0.0135,0,0.0012,-0.0143,0.9999,0,0,0.1265,0,1]},
{"frame":16,"values":[0.969,-0.2471,-0.0047,0,0.2472,0.9689,0.0135,0,0.0012,-0.0143,0.9999,0,0,0.1265,0,1]},
{"frame":17,"values":[0.9694,-0.2456,-0.0046,0,0.2456,0.9693,0.0135,0,0.0012,-0.0143,0.9999,0,0,0.1265,0,1]},
{"frame":18,"values":[0.9698,-0.244,-0.0046,0,0.244,0.9697,0.0135,0,0.0012,-0.0143,0.9999,0,0,0.1265,0,1]},
{"frame":19,"values":[0.9702,-0.2423,-0.0046,0,0.2423,0.9701,0.0136,0,0.0011,-0.0143,0.9999,0,0,0.1265,0,1]},
{"frame":20,"values":[0.9706,-0.2405,-0.0045,0,0.2406,0.9705,0.0136,0,0.0011,-0.0143,0.9999,0,0,0.1265,0,1]},
{"frame":21,"values":[0.9711,-0.2388,-0.0045,0,0.2388,0.971,0.0136,0,0.0011,-0.0143,0.9999,0,0,0.1265,0,1]},
{"frame":22,"values":[0.9715,-0.237,-0.0045,0,0.237,0.9714,0.0136,0,0.0011,-0.0142,0.9999,0,0,0.1265,0,1]},
{"frame":23,"values":[0.972,-0.2351,-0.0044,0,0.2352,0.9719,0.0136,0,0.0011,-0.0142,0.9999,0,0,0.1265,0,1]},
{"frame":24,"values":[0.9724,-0.2333,-0.0044,0,0.2333,0.9723,0.0136,0,0.0011,-0.0142,0.9999,0,0,0.1265,0,1]},
{"frame":25,"values":[0.9729,-0.2314,-0.0044,0,0.2314,0.9728,0.0136,0,0.0011,-0.0142,0.9999,0,0,0.1265,0,1]},
{"frame":26,"values":[0.9733,-0.2295,-0.0043,0,0.2295,0.9732,0.0136,0,0.0011,-0.0142,0.9999,0,0,0.1265,0,1]},
{"frame":27,"values":[0.9738,-0.2275,-0.0043,0,0.2276,0.9737,0.0136,0,0.0011,-0.0142,0.9999,0,0,0.1265,0,1]},
{"frame":28,"values":[0.9742,-0.2256,-0.0043,0,0.2257,0.9741,0.0136,0,0.0011,-0.0142,0.9999,0,0,0.1265,0,1]},
{"frame":29,"values":[0.9747,-0.2237,-0.0042,0,0.2237,0.9746,0.0136,0,0.0011,-0.0142,0.9999,0,0,0.1265,0,1]},
{"frame":30,"values":[0.9751,-0.2218,-0.0042,0,0.2218,0.975,0.0136,0,0.001,-0.0142,0.9999,0,0,0.1265,0,1]},
{"frame":31,"values":[0.9755,-0.2199,-0.0041,0,0.2199,0.9754,0.0137,0,0.001,-0.0142,0.9999,0,0,0.1265,0,1]},
{"frame":32,"values":[0.9759,-0.218,-0.0041,0,0.218,0.9759,0.0137,0,0.001,-0.0142,0.9999,0,0,0.1265,0,1]},
{"frame":33,"values":[0.9764,-0.2161,-0.0041,0,0.2161,0.9763,0.0137,0,0.001,-0.0142,0.9999,0,0,0.1265,0,1]},
{"frame":34,"values":[0.9768,-0.2142,-0.004,0,0.2143,0.9767,0.0137,0,0.001,-0.0142,0.9999,0,0,0.1265,0,1]},
{"frame":35,"values":[0.9772,-0.2124,-0.004,0,0.2124,0.9771,0.0137,0,0.001,-0.0142,0.9999,0,0,0.1265,0,1]},
{"frame":36,"values":[0.9776,-0.2106,-0.004,0,0.2107,0.9775,0.0137,0,0.001,-0.0142,0.9999,0,0,0.1265,0,1]},
{"frame":37,"values":[0.9779,-0.2089,-0.0039,0,0.2089,0.9778,0.0137,0,0.001,-0.0142,0.9999,0,0,0.1265,0,1]},
{"frame":38,"values":[0.9783,-0.2072,-0.0039,0,0.2072,0.9782,0.0137,0,0.001,-0.0142,0.9999,0,0,0.1265,0,1]},
{"frame":39,"values":[0.9786,-0.2056,-0.0039,0,0.2056,0.9785,0.0137,0,0.001,-0.0142,0.9999,0,0,0.1265,0,1]},
{"frame":40,"values":[0.979,-0.204,-0.0038,0,0.204,0.9789,0.0137,0,0.001,-0.0142,0.9999,0,0,0.1265,0,1]},
{"frame":41,"values":[0.9793,-0.2024,-0.0038,0,0.2025,0.9792,0.0137,0,0.001,-0.0142,0.9999,0,0,0.1265,0,1]},
{"frame":42,"values":[0.9796,-0.201,-0.0038,0,0.201,0.9795,0.0137,0,0.0009,-0.0142,0.9999,0,0,0.1265,0,1]},
{"frame":43,"values":[0.9799,-0.1996,-0.0038,0,0.1997,0.9798,0.0137,0,0.0009,-0.0142,0.9999,0,0,0.1265,0,1]},
{"frame":44,"values":[0.9801,-0.1983,-0.0037,0,0.1984,0.98,0.0137,0,0.0009,-0.0142,0.9999,0,0,0.1265,0,1]},
{"frame":45,"values":[0.9804,-0.1971,-0.0037,0,0.1971,0.9803,0.0137,0,0.0009,-0.0142,0.9999,0,0,0.1265,0,1]},
{"frame":46,"values":[0.9806,-0.196,-0.0037,0,0.196,0.9805,0.0137,0,0.0009,-0.0142,0.9999,0,0,0.1265,0,1]},
{"frame":47,"values":[0.9808,-0.195,-0.0037,0,0.195,0.9807,0.0138,0,0.0009,-0.0142,0.9999,0,0,0.1265,0,1]},
{"frame":48,"values":[0.981,-0.194,-0.0037,0,0.1941,0.9809,0.0138,0,0.0009,-0.0142,0.9999,0,0,0.1265,0,1]},
{"frame":49,"values":[0.9812,-0.1932,-0.0036,0,0.1932,0.9811,0.0138,0,0.0009,-0.0142,0.9999,0,0,0.1265,0,1]},
{"frame":50,"values":[0.9813,-0.1925,-0.0036,0,0.1925,0.9812,0.0138,0,0.0009,-0.0142,0.9999,0,0,0.1265,0,1]},
{"frame":51,"values":[0.9814,-0.1919,-0.0036,0,0.1919,0.9813,0.0138,0,0.0009,-0.0142,0.9999,0,0,0.1265,0,1]},
{"frame":52,"values":[0.9815,-0.1914,-0.0036,0,0.1915,0.9814,0.0138,0,0.0009,-0.0142,0.9999,0,0,0.1265,0,1]},
{"frame":53,"values":[0.9816,-0.1911,-0.0036,0,0.1911,0.9815,0.0138,0,0.0009,-0.0142,0.9999,0,0,0.1265,0,1]},
{"frame":54,"values":[0.9816,-0.1909,-0.0036,0,0.1909,0.9815,0.0138,0,0.0009,-0.0142,0.9999,0,0,0.1265,0,1]},
{"frame":55,"values":[0.9816,-0.1908,-0.0036,0,0.1908,0.9815,0.0138,0,0.0009,-0.0142,0.9999,0,0,0.1265,0,1]}],"loopBehavior":1,"name":"anim","property":"_matrix"}},
{"name":"Bone.004","index":6,"matrix":[0,0,-1,0,0,-1,0,0,-1,0,0,0,0,-0.0131,-0.075,1],"rest":[0,0,-1,0,0,-1,0,0,-1,0,0,0,0,-0.0131,-0.075,1],"parentBoneIndex":0,"length":0.1655
,"animation":{"dataType":3,"framePerSecond":24,"keys":[
{"frame":1,"values":[0,0,-1,0,0,-1,0,0,-1,0,0,0,0,-0.0131,-0.075,1]},
{"frame":55,"values":[0,0,-1,0,0,-1,0,0,-1,0,0,0,0,-0.0131,-0.075,1]}],"loopBehavior":1,"name":"anim","property":"_matrix"}},
{"name":"Bone.008","index":7,"matrix":[0,0,-1,0,0,-1,0,0,-1,0,0,0,0,-0.0131,0.0754,1],"rest":[0,0,-1,0,0,-1,0,0,-1,0,0,0,0,-0.0131,0.0754,1],"parentBoneIndex":0,"length":0.1655
,"animation":{"dataType":3,"framePerSecond":24,"keys":[
{"frame":1,"values":[0,0,-1,0,0,-1,0,0,-1,0,0,0,0,-0.0131,0.0754,1]},
{"frame":55,"values":[0,0,-1,0,0,-1,0,0,-1,0,0,0,0,-0.0131,0.0754,1]}],"loopBehavior":1,"name":"anim","property":"_matrix"}},
{"name":"Bone.005","index":8,"matrix":[1,0,0,0,0,1,0,0,0,0,1,0,0,0.1655,0,1],"rest":[1,0,0,0,0,1,0,0,0,0,1,0,0,0.1655,0,1],"parentBoneIndex":6,"length":0.1703
,"animation":{"dataType":3,"framePerSecond":24,"keys":[
{"frame":1,"values":[1,0,0,0,0,1,0,0,0,0,1,0,0,0.1655,0,1]},
{"frame":55,"values":[1,0,0,0,0,1,0,0,0,0,1,0,0,0.1655,0,1]}],"loopBehavior":1,"name":"anim","property":"_matrix"}},
{"name":"Bone.009","index":9,"matrix":[1,0,0,0,0,1,0,0,0,0,1,0,0,0.1655,0,1],"rest":[1,0,0,0,0,1,0,0,0,0,1,0,0,0.1655,0,1],"parentBoneIndex":7,"length":0.1703
,"animation":{"dataType":3,"framePerSecond":24,"keys":[
{"frame":1,"values":[1,0,0,0,0,1,0,0,0,0,1,0,0,0.1655,0,1]},
{"frame":55,"values":[1,0,0,0,0,1,0,0,0,0,1,0,0,0.1655,0,1]}],"loopBehavior":1,"name":"anim","property":"_matrix"}}]
,"ranges":[{"name":"do1","from":0,"to":55}]}],
"meshes":[{"name":"ear","id":"ear","materialId":"sc.Multimaterial#0","billboardMode":0,"position":[2.7531,-2.4924,-0.0921],"rotation":[0,0,0],"scaling":[1,1,1],"isVisible":true,"freezeWorldMatrix":false,"isEnabled":true,"checkCollisions":false,"receiveShadows":false,"pickable":true,"tags":""
,"positions":[-0.0823,3.8378,-0.7907,-0.0479,3.5865,-0.8157,-0.0823,3.5865,-0.7907,-0.0479,3.8378,-0.8157,-0.061,3.5865,-0.8561,-0.0479,3.5865,-0.8157,-0.061,3.8378,-0.8561,-0.1036,3.5865,-0.8561,-0.061,3.5865,-0.8561,-0.0479,3.8378,-0.8157,-0.0823,3.8857,-0.8198,-0.0756,3.8857,-0.8247,-0.1036,3.8378,-0.8561,-0.1167,3.5865,-0.8157,-0.1036,3.5865,-0.8561,-0.1167,3.8378,-0.8157,-0.0823,3.5865,-0.7907
,-0.1167,3.5865,-0.8157,-0.061,-4.8859,-0.8561,-0.1036,-4.8859,-0.8561,-0.1167,-4.8859,-0.8157,-0.1167,3.5402,-0.8157,-0.0823,-4.8859,-0.7907,-0.1167,-4.8859,-0.8157,-0.1036,2.6819,-0.8561,-0.1167,-4.8859,-0.8157,-0.1036,-4.8859,-0.8561,-0.061,2.6819,-0.8561,-0.1036,-4.8859,-0.8561,-0.061,-4.8859,-0.8561,-0.0479,-4.8859,-0.8157,-0.061,2.6819,-0.8561,-0.061,-4.8859,-0.8561,-0.0823,3.5402,-0.7907
,-0.0479,-4.8859,-0.8157,-0.0823,-4.8859,-0.7907,-0.1036,3.5865,-0.8561,-0.1167,3.5402,-0.8157,-0.061,3.5865,-0.8561,-0.1036,2.6819,-0.8561,-0.0479,3.5402,-0.8157,-0.061,2.6819,-0.8561,-0.0479,3.5402,-0.8157,-0.1251,3.5865,-0.8041,-0.0774,3.6286,-0.764,-0.144,3.6286,-0.8123,-0.0388,3.7823,-0.8473,-0.0864,3.8244,-0.8874,-0.0199,3.8244,-0.8391,0.0117,6.161,-0.9289,0.0304,6.1603,-0.9278
,0.0266,6.161,-0.918,-0.089,3.8857,-0.8247,-0.0864,3.8857,-0.8326,-0.0781,3.8857,-0.8326,-0.061,3.8378,-0.8561,-0.0864,3.8857,-0.8326,-0.1036,3.8378,-0.8561,-0.1036,3.8378,-0.8561,-0.089,3.8857,-0.8247,-0.1167,3.8378,-0.8157,-0.0479,3.8378,-0.8157,-0.0781,3.8857,-0.8326,-0.061,3.8378,-0.8561,-0.0823,3.8378,-0.7907,-0.089,3.8857,-0.8247,-0.0823,3.8857,-0.8198,-0.0479,3.8378,-0.8157
,-0.061,3.8378,-0.8561,-0.1036,3.8378,-0.8561,-0.0479,3.8378,-0.8157,-0.0823,3.8378,-0.7907,-0.1167,3.8378,-0.8157,-0.0823,3.8378,-0.7907,-0.0823,3.5865,-0.7907,-0.0823,-4.8859,-0.7907,-0.0479,-4.8859,-0.8157,-0.0479,-4.8859,-0.8157,-0.0823,3.5402,-0.7907,-0.1167,3.5402,-0.8157,-0.1167,-4.8859,-0.8157,-0.1036,2.6819,-0.8561,-0.1036,-4.8859,-0.8561,-0.061,2.6819,-0.8561,-0.0479,3.5402,-0.8157
